0.034192767253
1.359747540310
1.224721078586
-0.510307076788
-0.297969511106
-0.527384193033
0.569726357572
-0.056064439046
0.746885616257
-1.847324798974
1.566548774700
-0.096432160156
0.680378453274
-0.136566333977
-0.379098567075
0.463110158598
0.824513527530
-0.202529870693
-0.152786178570
0.685698610809
-0.870340641947
-1.514383503731
0.394981862750
-0.670565823688
-1.920340590118
-0.814053663945
-0.467597558893
-1.193202477432
-1.492463884063
0.036637826945
0.897249256728
-0.233132077960
-0.743596029509
0.384993808748
0.717235807194
-0.300010598488
0.544667807921
1.042875476583
-0.206956436208
-0.813515541982
0.347650598516
0.247545740963
1.098812768414
-1.284580778805
-0.661612930356
-0.838166960716
-1.734014846233
0.126434555197
0.527804212496
-0.738790031476
1.385647074496
0.821924336660
0.627376478836
0.401707091441
0.955669564449
-1.331979839543
0.613929658250
0.602776833533
-1.767718577143
0.347030102054
-0.250421346710
0.781522696062
-0.439062187638
-0.018240857649
0.342851517318
-0.876261688744
0.598596648180
-0.104963188524
0.492482623679
-0.521837506337
1.086201543278
0.605201978429
-0.178025024719
0.631957157094
1.259755161359
1.791175513498
-1.573576370440
0.883131811623
0.465068508513
-0.093860780186
-1.006664934977
1.257188613473
-1.261737993445
0.566945465735
1.301867996203
-1.599669288051
-0.302517840483
-1.309216817516
0.244054108036
1.514375130675
2.023556029172
-1.778114442884
-0.574949005721
0.703545093331
1.579372652093
0.421210644278
-0.746151997591
0.297131509637
-0.016619200981
-0.203740722388
-0.734471098547
0.387259755943
0.307879626366
-0.092984127576
-0.221687939701
-1.284916570540
-0.486175667141
1.206449671347
-0.190558256866
-1.439697316838
1.334442806951
0.530265408483
2.108087028625
0.062512169392
-0.461384579052
-1.447644698776
1.323838370064
2.569511512991
-0.820934937224
-0.647087640224
0.596188798672
-0.830345435413
-0.270558366992
-0.349837699442
0.191958887292
1.094818443401
0.022067589714
0.918910095780
-0.419888896000
0.327798535723
-2.138225589513
-1.449948066781
0.795913412682
-0.590149399041
0.579914923473
0.542344254815
1.322278858237
0.811859059676
1.016991350167
-0.111671330664
-0.698285176563
-0.731558777726
-0.488043940289
-1.129829114013
-0.547443582120
-0.092569051508
0.251611957106
-0.338890790070
-1.923682866353
-0.072282954503
0.225345787027
1.084475594644
0.577863895616
-0.643560686146
-0.723776560125
2.010597522376
0.756637954017
1.831439822738
2.129444531220
-0.818083666605
0.385269302277
0.458167004837
0.559612224062
0.541902225282
0.202054636912
0.174129244250
-1.502499941094
-0.165401183184
-0.747619701018
0.126087305606
-0.467546260064
0.618520751163
0.819075709680
0.308692365009
0.316168144316
0.092946684950
-0.447797892962
-0.164501264233
-0.495646063307
0.387987134146
0.014113411842
0.581291198609
-1.328648311598
0.887778928405
-0.762696236851
-0.734282186270
-0.197442984862
-0.563384587735
0.291125195498
-0.574164776465
-1.069477550519
-0.845802808379
1.311983325268
0.044258328637
-1.167530284945
0.008377403177
-1.555946414705
1.789566557972
-1.524478160291
0.478752704646
0.543625664314
-1.450007753841
0.300276518418
0.997172040166
0.467575285762
0.261016274083
0.949096681461
0.160904548889
0.336425288077
-0.126711546484
0.631805726015
-0.941384147237
0.791763258874
-0.505301533789
-1.090653373061
0.365248955772
1.692955551524
0.961678211591
-0.515649827603
0.698059671999
-0.454209119721
-0.124019456136
0.089528493217
-2.317218216901
0.191614766162
-1.029609188818
-0.697398613455
-1.474390410721
-1.516558218146
-0.943264400721
0.825597295299
1.666041347464
-0.025205103520
1.091790933563
-0.263980646879
-1.911972824793
0.149916616021
0.445648263143
-0.428616554758
0.302224234213
0.572556247609
-0.863407567634
-1.476834097564
-0.221254165342
-0.211060540270
-0.352663213855
0.987246752801
1.725588789409
-0.416647017984
0.698886703163
0.940931112927
0.713156420423
1.047486287130
-0.389243970033
0.739806359513
2.024481935859
0.803665559380
-0.619893668917
0.607712493935
1.262380291705
0.368986286390
-0.563400696143
1.543080583022
-1.249767046563
0.503425046656
-0.016175574467
-1.193665725178
1.219449683583
0.347887593701
-1.166798177099
0.601728356562
-0.431600428911
-1.902788502167
-0.688905125400
0.263551447502
0.635702886276
0.165564905128
0.045165011268
0.469990007143
-0.210976101965
1.176954603942
0.148641648213
0.293921552474
0.540798991546
-1.057168840304
-0.709226876350
1.528579114040
0.335308690361
-0.282616078615
0.341483528811
-0.481622235062
0.278566288632
-0.665871054990
0.276018817339
-1.577702552319
1.330919793666
-0.512957872697
-1.581241196995
-0.223841694587
-0.370996194718
0.152398418600
-1.145250608848
0.397465599790
3.623567688368
-1.278667720743
0.337715575699
-0.310718853650
0.192608294814
-1.811809037837
-1.151009387978
0.459659535203
-0.038418019395
1.635238180591
-0.704797392271
0.174499527156
2.913121452538
-0.765561436418
-0.903833493476
-0.035130084895
-0.044562678836
0.844167280123
0.129575872798
-0.756739312249
0.211421552008
2.638596752579
1.271773674041
-2.782169117623
-0.142016913594
-0.875090521951
0.622262514405
-0.173263480624
1.932695747995
0.931235563619
0.890402892459
0.186571060027
-0.040297653308
0.340179928875
1.295279791419
0.534389769873
-0.351132565838
1.275084658469
0.192110369057
-0.077615063472
-0.791376838662
-0.565992276466
-0.636046779727
-2.792357159754
1.016846200398
0.566477569428
-0.214270591579
1.045983738409
0.437987779533
0.371567478970
-2.474763549579
-0.233015919611
0.532189125767
1.609686831788
1.840294881617
1.425838245720
-1.161609518550
-2.197671367087
0.570469574707
0.027615835351
0.962553254352
-0.125884363604
0.219754963523
-1.499989013057
0.448009655159
-0.444898452874
0.349985357704
0.459405993542
-0.117222144881
0.316801122114
-0.013607030533
0.759199501129
0.501742948446
-0.547216369037
-0.587901881103
1.743738777991
-0.101595495316
0.991807762566
0.393385730284
-0.564112490496
-0.748973796954
0.120125689494
0.256654420713
0.614363719460
-1.266933427507
-0.594683282426
-0.094866203414
1.600749460148
-2.360178570626
0.439111648108
-0.540045858613
0.431377342843
-0.491978906280
0.364551063569
1.564638040687
0.354196503457
0.433399942478
0.372857888435
-0.750313520503
0.543017851861
-0.208346562731
-0.811713644159
-0.038547926212
-0.227288473448
0.753479795324
-0.042839224998
-0.529442057494
1.455971575722
0.988387762680
1.269729437934
0.607667362015
-0.109698994435
-0.419093403898
-0.279339995052
0.947690609812
0.111903280245
-1.482843144368
-0.039082797717
-1.416104206201
0.165865834062
-1.203819634212
-1.263936128214
0.118579453922
-0.078214325809
-1.661761699790
0.748223718071
2.163096688484
-1.481375744291
1.819849718778
-0.687789424228
-0.494090619165
-0.178887220938
-1.445277220665
1.299127214438
0.492693628437
-0.751454201813
-0.277077154622
-1.516359437966
-0.347757740190
0.936213151440
-1.715289772143
-0.436240328951
0.146791735648
1.048239345848
1.349330552741
-0.457252955837
-0.740306876576
0.450399661113
-0.363254791922
-0.310019373393
1.080183678943
1.689737870335
0.265867571134
-0.192214774731
0.571261964976
-1.887515829429
-0.018249063351
-1.060576845455
2.389427838640
0.720199927478
0.141369847748
-0.194364629256
-2.514956040558
0.712804524285
1.629368948144
-0.728819897082
0.683404510887
0.722543156560
-1.548127666138
0.935740347182
1.354781075707
0.228480118312
-0.063181994705
0.787963490394
-1.540753975375
0.093280702859
1.054341957215
-1.242435331503
0.992571209153
-0.418229658937
-2.080826953612
-0.105747954230
-0.971896609597
0.319259640533
-1.172141150835
1.050275908673
-0.738830321869
0.356357495159
-0.593979943432
-0.322905312158
1.191760044649
0.215278446230
-0.395032091196
-1.251508014557
1.159951273901
0.732811169287
-0.326535573950
0.243311022174
-1.029577551965
-1.014844885203
-0.826187708478
0.353427217975
0.295845894098
-0.745302930873
0.737774596295
0.784693540902
0.172908164295
1.038388567755
-0.287362450608
-0.113021135282
0.472858674927
-0.034044009278
0.793899198451
-1.252668133194
1.425765059677
-0.781271486254
-0.164697849977
-1.377542699087
0.600222319839
1.273851373196
1.071046928619
0.833374972262
-1.557143269957
-0.782168054278
-0.462562991240
-0.934734267199
1.122695230959
0.184484312931
-0.024477804225
0.487535732104
-0.951619037828
-0.908350728267
-0.881461990033
0.497620948966
0.341596379102
0.578092467772
1.078383117530
-1.357300859039
-0.560494386241
0.147538093873
-1.348743107178
-0.532175228333
1.014028902904
1.102644129538
1.076706892414
0.043017686109
-0.211967537043
1.079524690176
-0.372645996443
0.338238990175
1.325278924117
-0.367570800367
-0.610552300932
-0.009371273325
0.598379178802
0.482409015835
0.155857773211
0.556420135340
-1.599598743923
-0.859265992317
0.163226114423
-0.928661522911
-1.341674442343
-1.207819854394
-0.918163923225
-0.178474890824
-1.022625815992
0.234898838501
1.696224142666
-0.147626309142
1.274698910751
0.288431741889
-1.119823499357
-0.256409574989
-0.981834741526
0.767935384257
-1.153095414020
1.322572700920
0.578187942571
-2.022310100381
0.784341414603
1.553016362140
-0.790523711615
0.985252212890
-1.798381731701
0.252156611646
-1.661389361687
0.482390989648
-1.787962750083
-2.632870207409
0.396093168585
2.287889768375
-0.595669575642
0.830165546636
0.110711096395
-0.323504739625
0.615384285104
1.642405379257
-1.235127987189
0.563896944017
0.345135429934
-1.424345670660
1.614710867232
1.949358710864
-0.952771988684
1.737900495332
0.056146118139
-0.163248338844
1.503448945265
0.227432855211
0.323175906369
1.517674974636
1.288219919498
0.893149417916
-1.400549883941
-1.572390341245
1.126141236691
-0.926719525643
0.148483545582
-1.074071995054
-0.183686528728
-1.278695126249
1.630174051909
-1.018912429887
-0.121994267638
-0.188199481613
1.206097793270
-1.419897556098
-0.033342032421
-0.209234267579
0.529925541215
0.472016779181
-0.463746533941
0.239585991125
-0.374631182242
0.468115237392
-0.102580165825
-0.655569093728
-0.027557022616
0.363783961310
2.265882601315
-0.491231870786
0.306658064439
1.463036721616
-2.078168676008
-1.743038197635
-1.188659350116
-0.114236542835
2.439976781493
0.391366972395
1.208075341680
-0.222039350696
-2.463723764299
-2.313638359441
1.018619235673
0.184859542505
-1.298499167813
1.117320682000
-1.538954975548
1.134242123203
1.451340849666
-0.764823375556
-1.108117038066
0.844327050632
-1.095288578631
0.861886457198
-1.195238777964
0.807578560264
0.093866943553
-0.432778376662
-0.895684682624
0.237574769855
-1.892660633334
-0.275964172249
-0.396154169228
0.678359927789
-1.253820355175
1.713438138595
-0.311580772781
-1.138167522266
1.386078749504
1.662931037241
-0.187771999974
-0.891072839316
0.016052968646
-0.690411734841
-0.312033539775
1.558429395679
0.391900987234
0.145393824200
0.346012196219
-0.058089806303
0.841567862220
0.879290130895
-0.369716721156
0.105088392042
2.413607678812
0.421599146172
-0.185853383388
2.049691752795
0.009432553838
-1.097301924376
0.674580859824
-0.899826149651
-0.497222514478
0.326325386324
-0.126766924848
-0.763486607415
-0.550956587559
-0.593376002677
1.166186454443
-0.721000210873
-0.572219060705
2.038354369963
-0.553764326784
1.489417708520
1.315732202556
-0.152751620931
-1.419391334155
0.453014131081
0.672675147080
0.967804481739
0.071894237695
1.204557485285
1.390358607053
-1.054382040855
1.429488307036
0.174542354161
-0.565744055973
-0.318627728094
1.877572141519
0.984029977609
-1.789045959524
0.083457509074
-0.139849948579
-0.175587271957
-0.513155226740
-1.456301474535
0.861644312706
-0.939689740096
-0.370041109176
-0.602385285747
-0.727823877874
0.743236675561
0.383774158464
-0.674161633677
-0.944810691508
-0.469414410842
0.967024177782
0.125921375668
0.233083692052
-0.328163668064
-0.257880413800
0.216543726660
-1.843425010117
1.612058112232
-0.787643551758
-0.568314385060
1.338497020715
0.222433725265
0.042083554188
-0.583319297101
-1.561169396212
0.184945355176
1.195261388725
-0.899655206708
1.362754861789
-1.127142128748
-0.734011125720
0.505891549522
0.000065228350
0.690888001118
-0.741738091830
-1.031761620518
-1.867062701144
-1.203711249651
-1.076107754638
-1.426965620522
0.308461175340
-0.663885165437
-1.988295061993
2.483482641948
-0.834853661271
-1.255509327420
1.239788235821
1.165433828826
-1.151340929358
-1.473981887494
-1.000066750340
1.129485793468
-0.311260767293
-0.808697858365
-0.028372412744
1.204191494902
-1.389550371906
-0.383801780553
-1.383475619923
2.172155497330
1.818319534368
0.951162079133
-0.133401584579
0.659126615814
-2.102013511000
0.276426774974
-1.336165215430
-1.324772808675
-0.704725912482
-0.350216746689
0.574219244824
0.700678748320
0.262672576814
-0.944336594064
0.675986788014
-0.120946982224
1.180228853159
-0.917130645121
-2.763225086389
-0.476709204350
2.151263493978
0.468987353086
-0.194329170674
0.883636303333
0.503182463865
0.461341303442
-0.513545621917
0.076171039694
0.201192004193
-0.642661773677
-1.118730163620
0.139022661041
0.968450138396
0.647304324444
0.493977589666
0.504314939923
2.584002716294
0.259883721510
1.042038087065
1.957099974973
0.053063106847
0.264530048488
1.044046512273
1.687663270940
0.313105304872
0.363017819831
0.090839576387
-1.205599191311
1.117667865145
-0.252498754424
-1.718752593760
-0.144136714671
-1.727029860446
-1.004695954651
0.021083984227
-0.916925779569
1.075322723292
-1.464139305120
0.269132878350
0.564268100471
1.467471704390
0.929971770325
0.241204452830
0.088673549100
-0.050031947279
1.147475324516
-0.647798478005
0.530238597717
-0.084126980871
0.250398540775
-0.252386380519
2.145374724280
-0.646733164486
0.263808474144
0.286887820844
0.619236764776
0.461753185046
0.436034356375
0.993498081148
-1.493265475439
0.021734239850
-1.221681561297
0.244595778118
-1.170607213412
-0.947817725963
-0.048246246936
1.408845745068
0.589984175645
0.309321691099
1.416146445554
-0.932260730285
-2.079022860062
-0.410700435602
-0.264959797731
1.248037662182
2.152547774752
-1.316333841968
2.490906431957
1.578063212450
0.852276553454
0.381808035014
2.439885907544
0.094374917384
-0.459852964118
0.152978514736
-1.355331811816
0.485984037610
-0.095813638354
0.344599103992
0.374235232646
-1.044790906693
1.330321639205
-1.000670866316
0.902362435322
-1.579075735924
0.385877273827
-0.805564152143
0.057244624282
-0.636714326096
-2.168475081770
-1.099768727216
0.083728834598
0.639144823351
-1.453936181985
-2.109847242467
-0.856849092245
-0.196039247782
-0.617817462592
-0.794245564299
0.866027431038
0.981316274931
0.757193571119
-0.922544550783
0.091688045140
-0.178232152619
-1.412038213825
0.897900784993
0.103362263055
-0.469514353330
1.432935462671
0.779206985017
0.871379226097
1.215393946452
0.733165255157
-1.250024351171
-0.373649598809
1.018284211588
-0.753882996410
0.051864935613
0.412468004221
1.456164955823
1.313318096969
0.912828696415
-0.172156242368
0.929006944892
0.542074082160
-0.147979018766
1.371391040721
0.508103267637
-0.742657847468
1.279414005544
-0.242140413368
0.606461831452
-1.511807282746
-0.007087988568
-0.934190957945
-0.961025681010
-1.899191960713
2.154480826369
-0.139062760383
0.248880407468
1.118491805411
-0.111503290155
0.523630632943
-1.349120718966
0.206168454412
-0.404288976823
0.510039748031
0.190316607838
-1.376460699702
-1.842835400386
-1.006080293605
0.745907789165
0.433659841078
0.411552037182
-2.011177059138
-2.681530496848
-0.616286547462
-0.325574966581
-0.596659168051
0.361024365002
-0.165071386553
-1.180242830644
-0.874547498766
0.148119273215
0.077396249648
-0.069815723286
2.271570437069
-0.258780101576
