0.000000000000
0.000000000000
0.000000000000
1.062874401527
0.699386671579
-0.397427814509
1.035353693586
0.699669467550
1.141086481565
-0.579882438743
1.859241507093
0.773712949937
1.296129849435
1.599765443246
0.698859164615
1.314245020892
2.037203688471
1.106498278596
1.235356892730
2.030815331730
0.300314787270
-0.603795653821
0.792830145175
-0.736810211064
-2.120894183314
-1.150763751587
-1.740344485844
-2.669228520344
-2.506775098395
-1.665758293110
-0.846211222177
-0.817570045854
-0.816007537374
0.037686797973
0.510021801983
0.120634007326
1.221154862251
1.892497824964
0.946410750335
0.642879480013
1.354126060243
0.867920269937
1.987434260350
0.446520988536
0.155630187803
-0.256048655281
-1.925869621464
-0.658092111097
-0.037081536736
-1.169736835516
1.380997803186
1.568564535538
1.399600666460
2.284235266894
2.740747071899
0.436505103321
2.026048748819
2.127776451731
-0.729502061753
1.272884502524
0.628816642973
0.681142926837
0.822097793093
0.893309545455
0.938308401082
0.021151109922
1.218490553746
0.659650950840
1.044803078301
0.711036496937
1.826348680082
1.806179253248
1.309482564784
2.260307796366
2.834676597882
3.676713376584
1.408222868466
2.979178309867
2.527555059654
1.457905163709
1.112744848503
2.500618614307
-0.073234823418
1.417857833961
2.748359987144
-0.491715460097
0.712168133589
-0.265497624859
-0.485599485988
1.672215554821
2.995553393320
0.036268093857
0.965164257216
1.731085377346
1.851934845212
2.235861953210
1.567112139573
1.659743229874
1.293840999627
1.028823110553
0.422056883454
1.006521223690
1.018808679519
0.761993305605
0.824204041195
-0.476780971033
-0.404337275774
1.163076530611
0.160422325851
-0.813614698750
1.716766132993
0.931868251670
2.797392620369
2.655983250710
1.529554001218
0.352241104872
2.189465398505
3.585724269014
1.369957879088
1.825622358144
2.399482783729
0.116164731044
0.829334370594
0.821784989764
0.291414976959
1.757775996554
1.405201186638
2.022420990079
1.377939769958
1.691881316497
-0.698252041280
-1.213864707235
0.399761269736
-1.079025348102
0.315945379010
1.228456037175
1.676271940852
2.250297707414
3.100038135553
2.113905616897
1.322570099997
0.945442913265
0.297119276385
-0.731785728493
-0.495276869254
-0.364880354237
-0.131493404455
-0.175243978332
-1.727317814792
-0.729390694419
-0.437023540105
0.497063595888
1.199107741127
0.368947685335
0.023202467844
2.439359554503
1.839914311291
3.448645081281
5.141515505312
2.429678529500
3.294632775369
3.430182810517
2.475322076982
3.032930898561
2.887410185876
2.212248436919
0.605076659422
1.104215430257
-0.016536063412
0.240589594525
0.157502691377
0.807361552975
1.398107351017
1.407117034046
1.715166280915
1.570123834000
0.874640484354
0.957278708464
0.413142981219
0.872811743225
0.806657899756
1.334629322524
-0.187471970068
1.375600429503
0.131688579814
-0.484267625486
0.273276319532
-0.582051011342
0.008721470059
-0.192974506784
-1.111029626643
-1.173105718233
0.681915891039
-0.023561233355
-0.800242287030
0.396816678881
-1.683862431425
0.950468566154
-0.855662114818
0.075912328284
1.073657327056
-1.123572759291
0.368056179328
1.458051447503
0.764294969416
1.526000326073
2.554119029576
1.551362306974
2.014299402678
1.883426880911
1.934561733748
0.691331342715
1.997993229242
0.836506229944
-0.303439450470
1.097512496141
2.131499006226
2.012399173049
1.694825384784
2.591805215605
1.114406234501
1.165304492551
1.581069638807
-1.410846085091
0.130146240478
-0.835035105800
-1.598838837450
-1.822110040239
-2.586655721083
-2.794469457453
-0.978872322073
0.570444239635
0.039914742402
1.881326659519
1.104030025207
-1.093097587629
0.593123205139
0.559556484709
-0.514823353805
1.011436016127
1.279793701081
-0.370128399614
-0.682474674363
-0.162156426621
-0.883368299373
-0.672695853210
1.047981189588
1.967399532029
0.841568543312
2.361446011312
2.644414803555
2.232240226645
3.433217358889
2.262678124714
2.636760708721
4.365843932006
3.562230339998
2.465993833476
3.492146140321
3.508307796100
2.749610282675
2.384293408148
3.764339531254
0.966470914706
2.170971723174
2.057013785266
-0.195862575835
2.157080154476
1.783371076248
-0.253901612174
1.807574293748
0.655239917954
-1.675811838037
-0.418413345992
-0.216075013054
-0.221396950012
0.673258501006
0.792292827231
0.929661994148
0.759656605888
2.119721812057
1.493768696904
1.669288550720
2.319020795756
0.500346658076
0.311407807025
2.320447297828
1.237035317350
1.046407571403
2.099641615566
0.618373367075
1.077537924429
0.711671731464
0.791684690042
-0.829604313872
1.446032491445
0.167784835631
-1.357449244200
0.067029411364
-0.747332907727
-0.585487764334
-0.850566545374
-0.008455446836
3.374530138480
0.398833100193
1.924766316233
1.710952015136
0.698037604171
-0.544616151599
-0.617157421291
-0.141996170825
-0.459789816363
1.810131408714
0.418552799629
0.806884019968
4.118528650698
1.191315800299
0.921033978406
1.957618179013
0.460399507007
1.504049872396
1.872440044715
0.361337671167
1.134400309040
3.732626458789
3.067829362923
0.000941183210
1.757830772043
-0.174045317893
0.226877724173
0.922856110928
2.434788821144
2.268943871543
3.065054451826
2.858819513205
2.096815962135
2.400813735170
3.274469687572
2.710652664234
2.116497247127
3.538881569143
2.406462474731
2.003285825644
1.550422738442
0.678448576244
0.092150588721
-2.263013223899
0.146746816478
0.079996088117
-0.493336327952
1.789905693967
1.360053881205
1.180166646216
-0.716585809149
-0.008149504170
0.264262869387
1.513905881435
3.185369983773
3.635723166649
1.669312503588
0.128997895248
1.394025946077
0.338714684170
1.450800623666
1.482609083296
1.224387193860
-0.266284666653
1.012074043960
0.082397931474
0.466405763878
1.346989289303
0.682271228109
1.134580775582
1.196553067251
1.644669264122
1.819995543477
1.038762705445
0.703275985778
2.578367571631
1.260363370440
2.449986548153
2.662349910152
1.119785986689
0.869119926149
1.296460150542
0.855066553548
1.514681236022
0.200362648977
-0.006792004206
0.242213027159
1.651399570875
-1.359716891434
0.656479020054
-0.057905957657
-0.116680728213
0.179761037860
0.715312696093
1.876043966064
1.661046443317
2.140759142470
2.241787539213
0.886523897951
1.875277771297
1.241321069879
0.112989418534
0.868117423027
0.389017812879
0.994658807183
1.005394425016
0.402478990155
2.165306751606
2.292610042302
2.947730784730
3.270759589025
2.429527906972
1.799637431391
1.562825153106
2.218361349971
1.641995711792
0.160423767775
0.953602723424
-0.901311765769
-0.180935402286
-0.936613503573
-1.892581273437
-0.710584320700
-0.792339475918
-2.310529710453
0.025068148567
1.744294048229
-1.077504940084
2.655114261978
0.974550244204
-0.230199774827
1.128886421198
-0.877426929143
0.766748098856
1.318469143785
-0.060468277611
0.513027878674
-0.865738658171
-0.867157978516
0.667665594239
-1.622447475906
-0.837110078872
-0.018628299889
0.347007249413
1.798124864037
1.084519842535
0.394104525676
1.325125154014
0.389837291336
0.246135722441
1.874965998298
2.606836335485
2.010513999480
2.174686439133
2.507910417409
-0.306613475037
0.839771134837
-0.243233749814
1.959864004089
2.073898188985
1.802190887852
1.827572694434
-1.011778790817
0.782904647872
2.041096793805
-0.015145447849
1.966481690409
2.314061661004
-0.580483863173
1.984614879091
2.712553464782
1.229604953270
2.117334639161
2.813072075924
-0.184722216265
1.173420263407
2.274516761657
-0.565439877945
1.876808425169
1.122386150678
-1.796517798458
0.144522570900
-1.038187140182
-0.887850060565
-1.061182255413
0.516099427812
-0.837925515885
0.270456830774
-0.002355684197
-0.488804957829
1.312149649291
0.960001701925
0.392658902122
-0.154997938800
1.335977876020
1.202412704251
0.737236501271
1.639827632489
0.024096095545
-0.649842278508
-0.536366438782
-0.169706223455
0.016050310042
-0.391765127810
0.917675209173
1.210233675263
0.999887945116
2.421996381633
1.369138672190
1.155820071868
1.988140113086
1.196037986147
1.943713748262
0.526609253689
2.245406773043
0.699887140964
0.696437917282
-0.168950150899
0.595403333664
1.595135799460
2.108455915748
2.682109334938
0.665365891266
0.472157602422
0.260729902323
-0.944446257202
1.015123216266
0.748282397426
0.431624940164
1.573985025245
0.080863987161
-0.506521839592
-0.514235005759
0.035745220309
0.183316782353
1.025656370116
1.990169978628
-0.062857668629
0.303762878381
0.765944238275
-1.314024914973
-0.606069881364
0.959910938187
0.928580349306
2.066960002721
2.063299849898
1.317964563573
2.520130444699
1.449240098722
1.713183947469
3.055466405769
1.486129836999
1.117007885293
1.604427403829
1.420033333396
1.605304059724
1.858551079844
2.042484688126
-0.039012191321
0.019891051055
0.499549865250
-1.048487102644
-1.384908916395
-1.559543939407
-2.297970540918
-1.613193619819
-2.019412843022
-1.124501557250
0.899172035367
0.037527443695
1.881917334069
1.835926078087
0.034600180909
0.818239159464
-0.258322159039
0.498486374746
-0.515519582158
1.367257375923
1.350844889631
-1.103638529689
1.357673132823
2.111904699989
-0.093485155981
2.492552124387
-0.058986852126
0.172058127432
-0.703364050419
0.090810842671
-1.874747565531
-3.322958694406
-1.129802325563
0.523379692772
-0.924574351026
1.538153052453
1.158557720626
-0.004971427418
1.735254560939
2.804167992856
0.148135790990
2.087412537657
2.016418585633
-0.657337627503
2.583948466508
3.487857362937
0.608418993282
4.040944456785
2.785411147660
1.274315988393
3.984930188759
2.681039159557
2.121512129938
4.275495402214
3.927839891450
3.642965753101
2.276091334628
0.738362630889
2.030821541378
0.200155422855
0.861275329064
0.083042550025
-0.170579434047
-1.056400815381
1.316675743486
-0.591194914201
-0.065935666838
0.501164835690
1.100687191843
-0.646749321972
0.546138485768
0.198077907039
0.346793372441
1.256540674790
0.513625840218
0.879339265753
0.583087633827
1.033681445176
0.783508260567
0.179028498097
0.592353515185
0.827138969955
2.833314286946
1.390742971575
2.020925932123
3.414838563631
-0.223681024857
-0.583584514149
-0.689231187661
-1.386159095404
1.699010017076
1.401016340357
2.265207635564
1.993586523621
-0.822438021917
-1.897537415836
0.182136366792
-0.718119641203
-1.540391077236
1.242167321289
-1.542722233079
0.438030540866
2.367413578715
-0.045953436290
-0.076604831452
1.745976852193
-0.919946248929
0.963524276473
0.053466173030
0.545421390178
0.811827523491
0.329087196276
-0.292531026758
0.447131253423
-1.687224192224
-0.856792794579
-0.764025481215
-0.246323619804
-1.210661190117
1.481244924374
0.226153793672
-0.799547949192
2.035702543110
2.271960120082
1.068661941700
1.361578116901
1.282656805458
-0.217919261761
0.336481221769
2.159063836118
1.172384301971
1.569072197133
2.255329471902
1.212707097733
2.138282400087
2.795417093322
1.436184565210
1.882183128887
4.178722162985
2.635533975912
2.464031108781
4.908296678543
2.618522744324
1.430258492897
3.240080668972
0.622050968440
0.354635024557
1.751650928982
0.446045636918
-0.188715687965
0.356985243930
-0.557870768839
0.836908454230
0.041922293929
-0.255548210535
2.369165987581
0.455564726632
2.406413088403
3.520577971447
1.746364289142
0.840811749688
2.055466365960
1.462824845726
2.112216271528
2.300857771309
2.925329433792
3.492240887076
1.690004026697
3.595923416626
2.599598930288
1.308564624155
1.818704650307
3.210009724162
2.643018130343
0.792492074932
1.960089887531
0.877302028850
0.373403551728
0.709880661004
-0.907867326178
0.510801758831
-0.548624490203
-0.567629971856
-0.479631562862
-1.117679845422
0.198192970564
0.482896220545
-0.366420780511
-0.491633962962
-0.510854637288
0.455265480351
0.386031796610
0.861133887295
0.576120759079
0.318753344462
0.790316669230
-1.206925547381
1.416686491535
-0.116539502697
-0.541809324061
1.965635056735
0.862013453537
0.817388373955
1.059166963667
-0.908116309178
-0.016643673105
1.404480016616
-0.468196883354
1.917062327434
0.309161320334
-0.507949559028
1.102667140788
0.357813567582
0.979241296473
0.567643834584
-0.424679423159
-1.741543109805
-1.922612216591
-2.415692934041
-3.141396208092
-1.518341347151
-2.088288004999
-3.441510539489
0.960236351667
-1.326053309974
-1.981608729980
1.415846343245
0.856955191991
-0.809573135212
-0.203225765980
-1.189991622676
-0.176790803792
-0.157850855870
-0.662514757524
-0.108161957368
1.106159735966
-0.873471060249
-0.093425941634
-1.119270244693
1.199881576616
2.426308365532
2.527906296652
2.378459248856
2.868860805363
-0.121474222899
1.191557393038
-0.310606615881
-1.667072170355
-0.947119547374
-1.147415714353
-0.494258584487
0.643883564463
0.678231274156
-0.276918171455
1.173840623578
0.515200270460
1.604018691487
0.603447316672
-1.944486049590
-0.847928998720
1.243805715411
0.347159350774
0.952429779522
2.307691040147
1.447713873588
1.918215555020
1.588316365871
1.259103666371
1.363668881991
0.623932429371
-0.275016756471
0.427205890877
1.147505290688
1.290829285716
1.871795799936
2.125204122906
4.155532978547
3.032454379706
3.894872559319
5.283144740437
3.368551311428
3.620215695629
4.426255672018
4.367430865311
3.743813481712
4.018443195305
3.158812602184
1.272481290846
3.032054790883
1.668237729711
-0.413428289724
0.965823751597
-1.366229251715
-1.862768310569
-0.400638076468
-1.793551263401
0.017594993482
-1.200126432555
-0.428215763012
0.494776901798
1.527417870204
2.063531957066
2.077549978445
1.961298222004
1.624990266520
2.617879356885
1.225336598593
1.982721669391
1.665625683647
1.413900699494
1.237507990615
3.385199950753
1.324598336798
1.968287847047
2.408366551575
1.885525917362
2.237274540606
2.580813501816
2.820651999441
0.698955448897
1.549102449267
-0.007437445222
0.289114455704
-0.492057439148
-1.058708195752
-0.471992676193
0.981884718375
0.977957349460
1.408720902655
2.888232321170
0.810811356706
-0.712432357186
0.201128674676
-0.710893745086
0.726983939701
3.050671118777
0.302945605662
3.791556242959
4.231279732977
3.170780647547
4.003594073024
5.733834257284
3.418363286240
3.122044248068
3.512314555268
0.614065762238
1.790464958222
1.651189159689
1.113801577466
1.781129558827
0.526582353438
2.028156231714
0.412129332611
1.645265649493
-0.109699099332
0.623677539351
-0.091213210361
0.079455939595
-0.257638597899
-2.137556247337
-1.934059373218
-1.222732085027
-0.727307273854
-1.808649154118
-2.628909556653
-2.368508254943
-2.230400636086
-2.243191829457
-2.009970769591
-0.483722715805
0.223539206899
0.933686951520
0.151239787563
0.672045883131
0.365773927696
-1.069435211371
0.917400712280
0.420909014908
-0.279965067548
2.210257583383
1.862925859726
2.095229196150
3.613586634178
3.140313947052
1.162027610446
1.722341683205
2.315301399159
0.352265244724
1.385107916842
1.767393734605
2.166943238927
3.219736008607
3.543821719323
2.494926685264
3.405313858451
3.136311826896
2.150151703361
3.729486091832
3.084000215629
1.574282635941
3.562798771379
1.990532506466
2.183574888855
0.928700148514
0.999728488940
-0.136944750150
-0.681910374444
-1.878790547691
1.092555722047
-0.115356852028
0.480785617879
2.340045655362
0.881711935565
1.630639383282
0.523898269742
0.702704066387
0.280241090226
0.957322298674
0.998010957696
-0.543588102170
-1.445676205201
-1.558512069130
-0.593023942722
-0.229864426377
0.496263780087
-1.415341105848
-3.047371775290
-2.086801715481
-2.373614589837
-2.441212009462
-0.748836168976
-1.053737224130
-1.961276177058
-1.412872919935
-0.907776729477
-0.974037352520
-0.362001827815
2.273867611397
0.667454632274
